3.3756716406666
3.58206397621859
4.05449285888378
3.91755857776158
3.8369806654329
3.8287054005473
3.54236951042063
3.58624958340102
3.84752952223434
3.9186555088911
3.78567227198121
3.3816929320933
3.45835587960511
3.75150079801442
4.19298294195975
4.00420806334946
3.9740526983476
3.9709121906566
3.61112130635422
3.74072435011404
3.96085654455388
3.99717942110509
3.96159573519426
3.46470184164964
3.55168486651818
3.91654999829858
4.29812601121841
4.11254681199111
4.1404436741576
4.05390856095054
3.71725956661893
3.89042608716468
4.03997690913553
4.12614370472919
4.12350600497674
3.54030851747106
